46: 268 279 291 318 356 656 681 711 778 
48: 29 75 267 278 
50: 138 
55: 27 82 242 
63: 26 80 122 175 280 386 403 441 494 
75: 29 
77: 32 
78: 37 
79: 34 
80: 71 105 129 
81: 32 
82: 42 
84: 16 28 
86: 16 
90: 16 47 
92: 16 
94: 16 
98: 17 
100: 33 
104: 18 
106: 18 
107: 31 
109: 28 
110: 16 
111: 30 
112: 92 116 
113: 35 
114: 17 
115: 37 
116: 106 130 
117: 34 
118: 39 
119: 36 
120: 73 107 131 
122: 57 
124: 43 
128: 16 
130: 16 
139: 20 
142: 16 
148: 21 
150: 86 
159: 20 
162: 36 
168: 20 32 110 117 136 148 
171: 36 48 
177: 20 
179: 111 131 138 149 161 214 231 272 411 449 510 
181: 74 119 
187: 36 
193: 20 51 
196: 16 42 
204: 35 48 107 119 179 190 
207: 24 37 
209: 16 
211: 99 
218: 61 
220: 59 121 133 190 201 258 315 
223: 29 42 
224: 27 40 
226: 59 
228: 98 186 
232: 37 
234: 43 
236: 34 91 113 155 181 200 253 
238: 15 27 71 93 181 217 252 
240: 15 85 
243: 17 24 
245: 46 63 
249: 39 
251: 77 111 135 185 
254: 17 24 
256: 46 63 
258: 42 
262: 35 
264: 41 
266: 15 107 132 150 196 211 222 
268: 15 51 76 94 136 158 178 233 245 287 309 397 433 466 
270: 15 85 
273: 17 24 
275: 44 61 
279: 37 
281: 75 109 133 181 356 379 
284: 17 24 
286: 46 63 
288: 42 
296: 196 248 403 445 
298: 40 57 165 209 248 
301: 16 
307: 31 
309: 20 
311: 15 20 55 91 101 123 170 242 279 298 377 449 471 507 562 
314: 17 24 
316: 16 
322: 33 
324: 96 120 166 225 256 293 
327: 17 24 
329: 16 
331: 42 
337: 38 
339: 21 131 173 238 269 299 371 389 415 425 447 534 
342: 17 24 
344: 16 
350: 40 
352: 110 134 
355: 17 24 
357: 16 
359: 42 
365: 34 
369: 30 172 189 254 283 288 352 397 491 563 655 680 
375: 47 55 60 154 172 246 271 276 345 405 
378: 17 24 
380: 16 
382: 47 
390: 74 105 137 
392: 15 27 49 165 170 268 398 403 441 468 490 502 528 575 600 605 
394: 76 
398: 23 42 55 123 157 163 223 
400: 56 96 141 169 187 248 259 
403: 16 
405: 59 126 171 182 
406: 39 51 110 
412: 47 
414: 45 89 120 191 254 312 
417: 43 
420: 39 51 137 142 222 
427: 20 
429: 150 216 235 255 343 348 376 389 422 
431: 37 97 
433: 129 152 189 305 341 414 522 560 565 614 645 
438: 43 60 
440: 33 
441: 39 51 166 274 
447: 93 115 190 
449: 49 72 77 104 156 
454: 84 
463: 22 
465: 105 142 196 235 
466: 59 
467: 61 
470: 28 44 70 110 132 
472: 107 
474: 73 
476: 88 126 159 176 
481: 26 
482: 25 
483: 28 67 
485: 35 72 
489: 49 
490: 43 75 106 
492: 39 51 110 166 
500: 22 
502: 60 76 
521: 35 72 
525: 49 
526: 43 75 106 
528: 39 51 110 166 
534: 37 
536: 42 66 102 114 139 161 219 231 326 
541: 33 
545: 32 
547: 124 136 205 228 
554: 17 24 
556: 24 127 217 
558: 40 
562: 35 
564: 46 
566: 15 100 
568: 15 57 103 155 209 229 280 343 
570: 34 58 
575: 17 24 
577: 38 
587: 40 58 82 106 
592: 16 
600: 20 
602: 71 90 95 151 186 
604: 42 90 
609: 16 
643: 7 
